{
 "cells": [
  {
   "cell_type": "markdown",
   "metadata": {},
   "source": [
    "# Problem 3"
   ]
  },
  {
   "cell_type": "markdown",
   "metadata": {},
   "source": [
    "The concept of homography in Computer Vision is used to understand, explain and study visual perspective,\n",
    "and, specifically, the difference in appearance of two plane objects viewed from different points of view. This\n",
    "concept will be taught in more detail in the coming lectures. For now, you just need to know that given\n",
    "4 corresponding points on the two different planes, the homography between them is computed using the\n",
    "following system of equations Ax = 0."
   ]
  },
  {
   "cell_type": "code",
   "execution_count": 1,
   "metadata": {},
   "outputs": [],
   "source": [
    "#Import scientific computing package \"numpy\" \n",
    "import numpy as np\n",
    "from numpy import linalg as la \n",
    "np.set_printoptions(suppress=True)"
   ]
  },
  {
   "cell_type": "code",
   "execution_count": 2,
   "metadata": {},
   "outputs": [],
   "source": [
    "#Insert the A matrix elements here, in this case - the given point correspondences\n",
    "x1 = 5\n",
    "x2 = 150\n",
    "x3 = 150\n",
    "x4 = 5\n",
    "y1 = 5\n",
    "y2 = 5\n",
    "y3 = 150\n",
    "y4 = 150\n",
    "xp1 = 100\n",
    "xp2 = 200\n",
    "xp3 = 220\n",
    "xp4 = 100\n",
    "yp1 = 100\n",
    "yp2 = 80\n",
    "yp3 = 80\n",
    "yp4 = 200"
   ]
  },
  {
   "cell_type": "code",
   "execution_count": 3,
   "metadata": {},
   "outputs": [
    {
     "name": "stdout",
     "output_type": "stream",
     "text": [
      "The given A matrix is: \n",
      "[[   -5    -5    -1     0     0     0   500   500   100]\n",
      " [    0     0     0    -5    -5    -1   500   500   100]\n",
      " [ -150    -5    -1     0     0     0 30000  1000   200]\n",
      " [    0     0     0  -150    -5    -1 12000   400    80]\n",
      " [ -150  -150    -1     0     0     0 33000 33000   220]\n",
      " [    0     0     0  -150  -150    -1 12000 12000    80]\n",
      " [   -5  -150    -1     0     0     0   500 15000   100]\n",
      " [    0     0     0    -5  -150    -1  1000 30000   200]]\n",
      " \n",
      "The Transpose of the A matrix (At) is: \n",
      "[[   -5     0  -150     0  -150     0    -5     0]\n",
      " [   -5     0    -5     0  -150     0  -150     0]\n",
      " [   -1     0    -1     0    -1     0    -1     0]\n",
      " [    0    -5     0  -150     0  -150     0    -5]\n",
      " [    0    -5     0    -5     0  -150     0  -150]\n",
      " [    0    -1     0    -1     0    -1     0    -1]\n",
      " [  500   500 30000 12000 33000 12000   500  1000]\n",
      " [  500   500  1000   400 33000 12000 15000 30000]\n",
      " [  100   100   200    80   220    80   100   200]]\n"
     ]
    }
   ],
   "source": [
    "# Initializing the A matrix \n",
    "A = np.array([[-x1, -y1, -1, 0, 0, 0, x1*xp1, y1*xp1, xp1], [0, 0, 0, -x1, -y1, -1, x1*yp1, y1*yp1, yp1], [-x2, -y2, -1, 0, 0, 0, x2*xp2, y2*xp2, xp2], [0, 0, 0, -x2, -y2, -1, x2*yp2, y2*yp2, yp2], [-x3, -y3, -1, 0, 0, 0, x3*xp3, y3*xp3, xp3], [0, 0, 0, -x3, -y3, -1, x3*yp3, y3*yp3, yp3], [-x4, -y4, -1, 0, 0, 0, x4*xp4, y4*xp4, xp4], [0 , 0, 0, -x4, -y4, -1, x4*yp4, y4*yp4, yp4]])\n",
    "\n",
    "print 'The given A matrix is: '\n",
    "print A \n",
    "print ' '\n",
    "# Taking transpose of A matrix\n",
    "At = np.transpose(A)\n",
    "print 'The Transpose of the A matrix (At) is: '\n",
    "print At "
   ]
  },
  {
   "cell_type": "code",
   "execution_count": 4,
   "metadata": {},
   "outputs": [
    {
     "name": "stdout",
     "output_type": "stream",
     "text": [
      "The value of A*At is: \n",
      "[[    510051     510000   15520776    6208000   33023501   12008000\n",
      "     7760776   15520000]\n",
      " [    510000     510051   15520000    6208776   33022000   12009501\n",
      "     7760000   15520776]\n",
      " [  15520776   15520000  901062526  360416000 1023067251  372016000\n",
      "    30021501   60040000]\n",
      " [   6208000    6208776  360416000  144188926  409217600  148829651\n",
      "    12008000   24017501]\n",
      " [  33023501   33022000 1023067251  409217600 2178093401  792017600\n",
      "   511545251 1023044000]\n",
      " [  12008000   12009501  372016000  148829651  792017600  288051401\n",
      "   186008000  372039251]\n",
      " [   7760776    7760000   30021501   12008000  511545251  186008000\n",
      "   225282526  450520000]\n",
      " [  15520000   15520776   60040000   24017501 1023044000  372039251\n",
      "   450520000  901062526]]\n",
      " \n",
      "Eigen Values for AAt are:\n",
      "[  3.62583363e+09   1.01280011e+09   6.80651927e+04   3.46776193e+04\n",
      "   2.12012335e+04   3.70648899e+03   6.56490959e-01   1.52001454e+01]\n",
      "                                                                                         \n",
      "Sorted Eigen values for AAt are: \n",
      "[  3.62583363e+09   1.01280011e+09   6.80651927e+04   3.46776193e+04\n",
      "   2.12012335e+04   3.70648899e+03   1.52001454e+01   6.56490959e-01]\n",
      " \n",
      "Eigen Vectors for AAt are:\n",
      "[[ 0.01175199  0.00034421 -0.05155322 -0.46612859 -0.2603459  -0.06784286\n",
      "  -0.84108777  0.01081229]\n",
      " [ 0.01175178  0.00034364 -0.08721037 -0.45935196 -0.24909895 -0.08855919\n",
      "   0.35416947  0.76545599]\n",
      " [ 0.3587357   0.65494291  0.01345387 -0.46508449  0.17010164  0.29361752\n",
      "   0.18228987 -0.27838548]\n",
      " [ 0.14349422  0.26197639 -0.44538312  0.13606022 -0.50079553 -0.58748815\n",
      "   0.15289724 -0.27309929]\n",
      " [ 0.77496268  0.02271174  0.40851616  0.28493736  0.03196427 -0.23521144\n",
      "  -0.15965835  0.26268869]\n",
      " [ 0.28180663  0.00824746 -0.69216714  0.31591557  0.01141497  0.50190881\n",
      "  -0.16956061  0.24662816]\n",
      " [ 0.18464341 -0.31680626  0.24846634 -0.0346545  -0.69826827  0.46726159\n",
      "   0.18163034 -0.25239374]\n",
      " [ 0.36927845 -0.63361492 -0.28891722 -0.39333329  0.31891754 -0.17501653\n",
      "   0.15263361 -0.261429  ]]\n",
      "Sorted Eigen vectors for AAt are: \n",
      "[[ 0.01175199  0.00034421 -0.05155322 -0.46612859 -0.2603459  -0.06784286\n",
      "   0.01081229 -0.84108777]\n",
      " [ 0.01175178  0.00034364 -0.08721037 -0.45935196 -0.24909895 -0.08855919\n",
      "   0.76545599  0.35416947]\n",
      " [ 0.3587357   0.65494291  0.01345387 -0.46508449  0.17010164  0.29361752\n",
      "  -0.27838548  0.18228987]\n",
      " [ 0.14349422  0.26197639 -0.44538312  0.13606022 -0.50079553 -0.58748815\n",
      "  -0.27309929  0.15289724]\n",
      " [ 0.77496268  0.02271174  0.40851616  0.28493736  0.03196427 -0.23521144\n",
      "   0.26268869 -0.15965835]\n",
      " [ 0.28180663  0.00824746 -0.69216714  0.31591557  0.01141497  0.50190881\n",
      "   0.24662816 -0.16956061]\n",
      " [ 0.18464341 -0.31680626  0.24846634 -0.0346545  -0.69826827  0.46726159\n",
      "  -0.25239374  0.18163034]\n",
      " [ 0.36927845 -0.63361492 -0.28891722 -0.39333329  0.31891754 -0.17501653\n",
      "  -0.261429    0.15263361]]\n",
      " \n",
      "*****************************************************************************************\n",
      "The value of At*A is: \n",
      "[[     45050      24025        310          0          0          0\n",
      "    -9455000   -5177500     -64000]\n",
      " [     24025      45050        310          0          0          0\n",
      "    -5177500   -7207500     -49500]\n",
      " [       310        310          4          0          0          0\n",
      "      -64000     -49500       -620]\n",
      " [         0          0          0      45050      24025        310\n",
      "    -3607500   -2012500     -25500]\n",
      " [         0          0          0      24025      45050        310\n",
      "    -2012500   -6304500     -42900]\n",
      " [         0          0          0        310        310          4\n",
      "      -25500     -42900       -460]\n",
      " [  -9455000   -5177500     -64000   -3607500   -2012500     -25500\n",
      "  2278750000 1305800000   15530000]\n",
      " [  -5177500   -7207500     -49500   -2012500   -6304500     -42900\n",
      "  1305800000 2359660000   16052000]\n",
      " [    -64000     -49500       -620     -25500     -42900       -460\n",
      "    15530000   16052000     171200]]\n",
      " \n",
      "Eigen Values for AtA are:\n",
      "[  3.62583363e+09   1.01280011e+09   6.80651927e+04   3.46776193e+04\n",
      "   2.12012335e+04   3.70648899e+03   1.52001454e+01   6.56490975e-01\n",
      "  -2.70754873e-10]\n",
      "                                                                                         \n",
      "Sorted Eigen values for AtA are: \n",
      "[  3.62583363e+09   1.01280011e+09   6.80651927e+04   3.46776193e+04\n",
      "   2.12012335e+04   3.70648899e+03   1.52001454e+01   6.56490975e-01\n",
      "  -2.70754873e-10]\n",
      " \n",
      "Eigen Vectors for AtA are:\n",
      "[[ 0.00284044  0.0031443  -0.24638474 -0.15855493 -0.17524511  0.17670564\n",
      "   0.91373863 -0.12026107  0.05310564]\n",
      " [ 0.00242122 -0.00128322 -0.37700073  0.17660022  0.68950815  0.59027333\n",
      "  -0.05293445 -0.00223231 -0.00491719]\n",
      " [ 0.00002209  0.00001135 -0.00237217 -0.0036566   0.00519584  0.00752\n",
      "   0.06599016  0.78597068  0.61464855]\n",
      " [ 0.0010911   0.00117416  0.66124094  0.34117274  0.50174974 -0.23249936\n",
      "   0.37205236 -0.04259036  0.01770188]\n",
      " [ 0.00163479 -0.00290636  0.57427981 -0.07104053 -0.31454932  0.74988337\n",
      "  -0.06198354  0.00458786 -0.00393375]\n",
      " [ 0.00001339 -0.00001141  0.00580191 -0.00215182  0.00288148 -0.00573505\n",
      "  -0.12248991 -0.60493053  0.78675015]\n",
      " [-0.69605372 -0.7179617  -0.00007575 -0.00379564  0.00250334 -0.00015022\n",
      "   0.00437767 -0.0005552   0.00023603]\n",
      " [-0.71795089  0.69606727  0.00162813 -0.00377529  0.00249754  0.003656\n",
      "  -0.00060011  0.00003483 -0.00004917]\n",
      " [-0.00616016  0.00002299 -0.17345368  0.90674166 -0.37831969  0.06219865\n",
      "   0.02523388 -0.00247795  0.00762164]]\n",
      "Sorted Eigen vectors for AtA are: \n",
      "[[ 0.00284044  0.0031443  -0.24638474 -0.15855493 -0.17524511  0.17670564\n",
      "   0.91373863 -0.12026107  0.05310564]\n",
      " [ 0.00242122 -0.00128322 -0.37700073  0.17660022  0.68950815  0.59027333\n",
      "  -0.05293445 -0.00223231 -0.00491719]\n",
      " [ 0.00002209  0.00001135 -0.00237217 -0.0036566   0.00519584  0.00752\n",
      "   0.06599016  0.78597068  0.61464855]\n",
      " [ 0.0010911   0.00117416  0.66124094  0.34117274  0.50174974 -0.23249936\n",
      "   0.37205236 -0.04259036  0.01770188]\n",
      " [ 0.00163479 -0.00290636  0.57427981 -0.07104053 -0.31454932  0.74988337\n",
      "  -0.06198354  0.00458786 -0.00393375]\n",
      " [ 0.00001339 -0.00001141  0.00580191 -0.00215182  0.00288148 -0.00573505\n",
      "  -0.12248991 -0.60493053  0.78675015]\n",
      " [-0.69605372 -0.7179617  -0.00007575 -0.00379564  0.00250334 -0.00015022\n",
      "   0.00437767 -0.0005552   0.00023603]\n",
      " [-0.71795089  0.69606727  0.00162813 -0.00377529  0.00249754  0.003656\n",
      "  -0.00060011  0.00003483 -0.00004917]\n",
      " [-0.00616016  0.00002299 -0.17345368  0.90674166 -0.37831969  0.06219865\n",
      "   0.02523388 -0.00247795  0.00762164]]\n",
      " \n"
     ]
    }
   ],
   "source": [
    "# Product of A and A transpose (At)\n",
    "A1 = np.dot(A,At)\n",
    "print 'The value of A*At is: ' \n",
    "print A1\n",
    "\n",
    "print ' '\n",
    "# Eigen values and vectors of A*At\n",
    "ei1, eiv1 = la.eig(A1) \n",
    "eiv1 = np.array(eiv1)\n",
    "\n",
    "#Sorting the Eigen values in descending order and getting the indices\n",
    "id1 = np.argsort(-ei1, axis = -1)\n",
    "\n",
    "print 'Eigen Values for AAt are:' \n",
    "print ei1 \n",
    "print '                                                                                         '\n",
    "print 'Sorted Eigen values for AAt are: '\n",
    "print ei1[id1]\n",
    "print ' '\n",
    "print 'Eigen Vectors for AAt are:' \n",
    "print eiv1\n",
    "print 'Sorted Eigen vectors for AAt are: '\n",
    "print eiv1[:,id1]\n",
    "print ' '\n",
    "print '*****************************************************************************************'\n",
    "# Product of At and A \n",
    "A2 = np.dot(At,A)\n",
    "print 'The value of At*A is: ' \n",
    "print A2\n",
    "print ' '\n",
    "# Eigen values and eigen vectors of At*A\n",
    "ei2, eiv2 = la.eig(A2)\n",
    "eiv2 = np.array(eiv2)\n",
    "\n",
    "#Sorting the Eigen values in descending order and getting the indices\n",
    "id2 = np.argsort(-ei2, axis = -1)\n",
    "\n",
    "print 'Eigen Values for AtA are:' \n",
    "print ei2\n",
    "print '                                                                                         '\n",
    "print 'Sorted Eigen values for AtA are: '\n",
    "print ei2[id2]\n",
    "print ' '\n",
    "print 'Eigen Vectors for AtA are:' \n",
    "print eiv2\n",
    "print 'Sorted Eigen vectors for AtA are: '\n",
    "print eiv2[:,id2]\n",
    "print ' '"
   ]
  },
  {
   "cell_type": "code",
   "execution_count": 5,
   "metadata": {
    "scrolled": true
   },
   "outputs": [
    {
     "name": "stdout",
     "output_type": "stream",
     "text": [
      "U is: \n",
      "[[ 0.01175199  0.00034421 -0.05155322 -0.46612859 -0.2603459  -0.06784286\n",
      "  -0.84108777  0.01081229]\n",
      " [ 0.01175178  0.00034364 -0.08721037 -0.45935196 -0.24909895 -0.08855919\n",
      "   0.35416947  0.76545599]\n",
      " [ 0.3587357   0.65494291  0.01345387 -0.46508449  0.17010164  0.29361752\n",
      "   0.18228987 -0.27838548]\n",
      " [ 0.14349422  0.26197639 -0.44538312  0.13606022 -0.50079553 -0.58748815\n",
      "   0.15289724 -0.27309929]\n",
      " [ 0.77496268  0.02271174  0.40851616  0.28493736  0.03196427 -0.23521144\n",
      "  -0.15965835  0.26268869]\n",
      " [ 0.28180663  0.00824746 -0.69216714  0.31591557  0.01141497  0.50190881\n",
      "  -0.16956061  0.24662816]\n",
      " [ 0.18464341 -0.31680626  0.24846634 -0.0346545  -0.69826827  0.46726159\n",
      "   0.18163034 -0.25239374]\n",
      " [ 0.36927845 -0.63361492 -0.28891722 -0.39333329  0.31891754 -0.17501653\n",
      "   0.15263361 -0.261429  ]]\n",
      " \n",
      "V is: \n",
      "[[ 0.00284044  0.0031443  -0.24638474 -0.15855493 -0.17524511  0.17670564\n",
      "   0.91373863 -0.12026107  0.05310564]\n",
      " [ 0.00242122 -0.00128322 -0.37700073  0.17660022  0.68950815  0.59027333\n",
      "  -0.05293445 -0.00223231 -0.00491719]\n",
      " [ 0.00002209  0.00001135 -0.00237217 -0.0036566   0.00519584  0.00752\n",
      "   0.06599016  0.78597068  0.61464855]\n",
      " [ 0.0010911   0.00117416  0.66124094  0.34117274  0.50174974 -0.23249936\n",
      "   0.37205236 -0.04259036  0.01770188]\n",
      " [ 0.00163479 -0.00290636  0.57427981 -0.07104053 -0.31454932  0.74988337\n",
      "  -0.06198354  0.00458786 -0.00393375]\n",
      " [ 0.00001339 -0.00001141  0.00580191 -0.00215182  0.00288148 -0.00573505\n",
      "  -0.12248991 -0.60493053  0.78675015]\n",
      " [-0.69605372 -0.7179617  -0.00007575 -0.00379564  0.00250334 -0.00015022\n",
      "   0.00437767 -0.0005552   0.00023603]\n",
      " [-0.71795089  0.69606727  0.00162813 -0.00377529  0.00249754  0.003656\n",
      "  -0.00060011  0.00003483 -0.00004917]\n",
      " [-0.00616016  0.00002299 -0.17345368  0.90674166 -0.37831969  0.06219865\n",
      "   0.02523388 -0.00247795  0.00762164]]\n"
     ]
    }
   ],
   "source": [
    "# Transpose of Eigen vectors of A*At and At*A as U and V are matrix of column vectors\n",
    "U = eiv1[:,id1]\n",
    "V = eiv2[:,id2]\n",
    "print 'U is: ' \n",
    "print eiv1\n",
    "print ' '\n",
    "print 'V is: '\n",
    "print eiv2\n"
   ]
  },
  {
   "cell_type": "code",
   "execution_count": 6,
   "metadata": {},
   "outputs": [
    {
     "name": "stdout",
     "output_type": "stream",
     "text": [
      "Sigma is: \n",
      "[[ 60214.89538892      0.              0.              0.              0.\n",
      "       0.              0.              0.              0.        ]\n",
      " [     0.          31824.52065484      0.              0.              0.\n",
      "       0.              0.              0.              0.        ]\n",
      " [     0.              0.            260.89306752      0.              0.\n",
      "       0.              0.              0.              0.        ]\n",
      " [     0.              0.              0.            186.21927755      0.\n",
      "       0.              0.              0.              0.        ]\n",
      " [     0.              0.              0.              0.            145.60643368\n",
      "       0.              0.              0.              0.        ]\n",
      " [     0.              0.              0.              0.              0.\n",
      "      60.88094109      0.              0.              0.        ]\n",
      " [     0.              0.              0.              0.              0.\n",
      "       0.              3.89873639      0.              0.        ]\n",
      " [     0.              0.              0.              0.              0.\n",
      "       0.              0.              0.8102413       0.        ]]\n",
      " \n"
     ]
    }
   ],
   "source": [
    "# Value of sigma obtained by taking diagonal matrix of square roots of eigen values of A*At\n",
    "sigma = np.array(np.diag(np.sqrt(ei1[id1])))\n",
    "zero_column = np.array([0,0,0,0,0,0,0,0])\n",
    "sigma = np.column_stack((sigma, zero_column))\n",
    "print 'Sigma is: ' \n",
    "print sigma\n",
    "print ' '"
   ]
  },
  {
   "cell_type": "code",
   "execution_count": 7,
   "metadata": {
    "scrolled": true
   },
   "outputs": [
    {
     "name": "stdout",
     "output_type": "stream",
     "text": [
      "U from SVD Function is: \n",
      "[[ 0.01175199  0.00034421  0.05155322 -0.46612859 -0.2603459  -0.06784286\n",
      "   0.01081229  0.84108777]\n",
      " [ 0.01175178  0.00034364  0.08721037 -0.45935196 -0.24909895 -0.08855919\n",
      "   0.76545599 -0.35416947]\n",
      " [ 0.3587357   0.65494291 -0.01345387 -0.46508449  0.17010164  0.29361752\n",
      "  -0.27838548 -0.18228987]\n",
      " [ 0.14349422  0.26197639  0.44538312  0.13606022 -0.50079553 -0.58748815\n",
      "  -0.27309929 -0.15289724]\n",
      " [ 0.77496268  0.02271174 -0.40851616  0.28493736  0.03196427 -0.23521144\n",
      "   0.26268869  0.15965835]\n",
      " [ 0.28180663  0.00824746  0.69216714  0.31591557  0.01141497  0.50190881\n",
      "   0.24662816  0.16956062]\n",
      " [ 0.18464341 -0.31680626 -0.24846634 -0.0346545  -0.69826827  0.46726159\n",
      "  -0.25239374 -0.18163034]\n",
      " [ 0.36927845 -0.63361492  0.28891722 -0.39333329  0.31891754 -0.17501653\n",
      "  -0.261429   -0.15263361]]\n",
      " \n",
      "Sigma from SVD function is: \n",
      "[ 60214.89538892  31824.52065484    260.89306752    186.21927755\n",
      "    145.60643368     60.88094109      3.89873638      0.81024131]\n",
      " \n",
      "V from SVD Function is: \n",
      "[[-0.00284044 -0.0031443   0.24638474  0.15855493 -0.17524511 -0.17670564\n",
      "   0.91373863  0.12026107 -0.05310563]\n",
      " [-0.00242122  0.00128322  0.37700073 -0.17660022  0.68950815 -0.59027333\n",
      "  -0.05293445  0.00223231  0.00491719]\n",
      " [-0.00002209 -0.00001135  0.00237217  0.0036566   0.00519584 -0.00752\n",
      "   0.06599016 -0.78597068 -0.61464855]\n",
      " [-0.0010911  -0.00117416 -0.66124094 -0.34117274  0.50174974  0.23249936\n",
      "   0.37205236  0.04259036 -0.01770188]\n",
      " [-0.00163479  0.00290636 -0.57427981  0.07104053 -0.31454932 -0.74988337\n",
      "  -0.06198354 -0.00458786  0.00393375]\n",
      " [-0.00001339  0.00001141 -0.00580191  0.00215182  0.00288148  0.00573505\n",
      "  -0.12248991  0.60493053 -0.78675015]\n",
      " [ 0.69605372  0.7179617   0.00007575  0.00379564  0.00250334  0.00015022\n",
      "   0.00437767  0.0005552  -0.00023603]\n",
      " [ 0.71795089 -0.69606727 -0.00162813  0.00377529  0.00249754 -0.003656\n",
      "  -0.00060011 -0.00003483  0.00004917]\n",
      " [ 0.00616016 -0.00002299  0.17345368 -0.90674166 -0.37831969 -0.06219865\n",
      "   0.02523388  0.00247795 -0.00762164]]\n"
     ]
    }
   ],
   "source": [
    "# U, Sigma and V computed from the numpy SVD function to compare with obtained values\n",
    "u, s, vh = np.linalg.svd(A)\n",
    "print 'U from SVD Function is: ' \n",
    "print u\n",
    "print ' '\n",
    "print 'Sigma from SVD function is: ' \n",
    "print s\n",
    "print ' '\n",
    "print 'V from SVD Function is: ' \n",
    "print (np.transpose(np.array(vh)))"
   ]
  },
  {
   "cell_type": "code",
   "execution_count": 8,
   "metadata": {},
   "outputs": [
    {
     "name": "stdout",
     "output_type": "stream",
     "text": [
      "The Value of x obtained is: \n",
      "[ 0.05310564 -0.00491719  0.61464855  0.01770188 -0.00393375  0.78675015\n",
      "  0.00023603 -0.00004917  0.00762164]\n",
      " \n",
      "Value of A*X is :\n",
      "[ 0.  0. -0. -0.  0.  0.  0. -0.]\n"
     ]
    }
   ],
   "source": [
    "#The value of x for which Ax=0 is the Eigen vector corresponding to the eigen value = 0 of At*A\n",
    "# X is the last column of the sorted Eigen vector matrix for At*A, since it corresponds to eigen value = 0\n",
    "x = np.array(eiv2[:,id2])[:,8]\n",
    "print 'The Value of x obtained is: '\n",
    "print x\n",
    "print ' '\n",
    "# To confirm the solution of Ax = 0, multiplying A and X to check if 0\n",
    "print 'Value of A*X is :'\n",
    "print np.matmul(A, x)"
   ]
  },
  {
   "cell_type": "code",
   "execution_count": 9,
   "metadata": {},
   "outputs": [
    {
     "name": "stdout",
     "output_type": "stream",
     "text": [
      "The homography matrix H is: \n",
      " \n",
      "[[ 0.05310564 -0.00491719  0.61464855]\n",
      " [ 0.01770188 -0.00393375  0.78675015]\n",
      " [ 0.00023603 -0.00004917  0.00762164]]\n"
     ]
    }
   ],
   "source": [
    "# H is the Homography matrix obtained from x\n",
    "h1 = x[0:3]\n",
    "h2 = x[3:6]\n",
    "h3 = x[6:9]\n",
    "\n",
    "H = np.transpose(np.column_stack((np.column_stack((h1, h2)), h3)))\n",
    "print 'The homography matrix H is: '\n",
    "print ' '\n",
    "print H"
   ]
  },
  {
   "cell_type": "code",
   "execution_count": null,
   "metadata": {},
   "outputs": [],
   "source": []
  }
 ],
 "metadata": {
  "kernelspec": {
   "display_name": "Python 3",
   "language": "python",
   "name": "python3"
  },
  "language_info": {
   "codemirror_mode": {
    "name": "ipython",
    "version": 2
   },
   "file_extension": ".py",
   "mimetype": "text/x-python",
   "name": "python",
   "nbconvert_exporter": "python",
   "pygments_lexer": "ipython2",
   "version": "2.7.12"
  }
 },
 "nbformat": 4,
 "nbformat_minor": 2
}
